Dates:;22/09/2024-28/09/2024
Time Zone:;default
Split/Skill:;Informasi
Date;Avg Speed Ans;Avg Aban Time;ACD Calls;Avg ACD Time;Avg ACW Time;Aban Calls;Max Delay;Flow In;Flow Out;Extn Out Calls;Avg Extn Out Time;Dequeued Calls;Avg Time to Dequeue;% ACD Time;% Ans Calls
Totals;.20;.23;1369;3.58;1.59;988;6.39;0;0;1;.15;0;0;52,53;21,17
22/09/2024;.12;.14;29;3.41;1.49;5;.31;0;0;0;0;0;0;14,89;85,29
23/09/2024;.17;.24;317;3.30;2.03;115;5.14;0;0;1;.15;0;0;53,63;37,51
24/09/2024;.15;.19;313;4.14;1.28;69;1.04;0;0;0;0;0;0;52,08;46,23
25/09/2024;.20;.35;365;4.02;1.46;167;6.39;0;0;0;0;0;0;61,30;29,84
26/09/2024;.32;.21;159;4.11;3.15;378;1.03;0;0;0;0;0;0;67,63;7,25
27/09/2024;.27;.21;133;4.11;2.35;224;1.13;0;0;0;0;0;0;63,40;10,06
28/09/2024;.13;.21;53;3.49;1.10;30;1.01;0;0;0;0;0;0;23,06;30,64
